Sunrise: 2023-09-27T12:47:40.2004266+07:00
Sunset: 2023-09-28T00:54:28.0297064+07:00
Lat: 0
Lon: 0
LastUpdate: 0001-01-01T00:00:00.0000000
DataSourceIsGeolocator: false

